------------ HORIZONTE: 1 ------------
[ 4.          1.          3.70931233 40.26796791  4.4691114   4.4691114 ]
------------ HORIZONTE: 3 ------------
[ 4.          3.          3.88388502 44.39840494  4.67227205  4.67227205]
------------ HORIZONTE: 7 ------------
[ 4.          7.          4.01199828 47.28885931  4.83613958  4.83613958]

------------ HORIZONTE: 1 ------------
[ 6.          1.          3.5375775  39.01554993  4.29043513  4.29043513]
------------ HORIZONTE: 3 ------------
[ 6.          3.          3.92480206 44.66261336  4.74360328  4.74360328]
------------ HORIZONTE: 7 ------------
[ 6.          7.          3.87128753 45.84144364  4.6988743   4.6988743 ]

------------ HORIZONTE: 1 ------------
[ 8.          1.          3.38633644 37.14359835  4.11990268  4.11990268]
------------ HORIZONTE: 3 ------------
[ 8.          3.          3.64910399 41.12040994  4.40287638  4.40287638]
------------ HORIZONTE: 7 ------------
[ 8.          7.          3.85358514 46.1413818   4.69913145  4.69913145]

------------ HORIZONTE: 1 ------------
[10.          1.          3.4358645  37.64163262  4.17880162  4.17880162]
------------ HORIZONTE: 3 ------------
[10.          3.          3.566478   40.84366651  4.33545203  4.33545203]
------------ HORIZONTE: 7 ------------
[10.          7.          3.87390235 46.63452881  4.71057328  4.71057328]