[4.         1.         0.66115769 1.97131315 0.81189819 0.81189819]
[4.         3.         0.84277757 2.99483301 1.04008362 1.04008362]
[4.         7.         1.48223348 6.45365173 1.79175402 1.79175402]

---------------------------------------------------------------------

[6.         1.         0.73882498 2.19300696 0.9079433  0.9079433 ]
[6.         3.         0.9527607  3.35666043 1.16214818 1.16214818]
[6.         7.         1.49914159 7.0048137  1.82879199 1.82879199]

---------------------------------------------------------------------

[8.         1.         0.55711717 1.36696982 0.6893586  0.6893586 ]
[8.         3.         0.83175731 2.95440238 1.02666855 1.02666855]
[8.         7.         1.42525146 6.65566768 1.76580254 1.76580254]

---------------------------------------------------------------------

[10.          1.          0.45654133  1.20248225  0.57048979  0.57048979]
[10.          3.          1.03877193  3.52870765  1.26998938  1.26998938]
[10.          7.          1.45282386  6.70145513  1.78887686  1.78887686]